1, 2, 3, 5

2 * 3 = 6; set limit to 2 * 3 * 5

6 + 1 = 7

1, 2, 3, 5, 7

6 + 5 = 11

1, 2, 3, 5, 7, 11

6 + 7 = 13

1, 2, 3, 5, 7, 11, 13

6 + 11 = 17

1, 2, 3, 5, 7, 11, 13, 17

6 + 13 = 19

1, 2, 3, 5, 7, 11, 13, 17, 19

6 + 17 = 23

1, 2, 3, 5, 7, 11, 13, 17, 19, 23

6 + 19 = 25     # filter out 5 ** 2?

1, 2, 3, 5, 7, 11, 13, 17, 19, 23

6 + 23 = 29

1, 2, 3, 5, 7, 11, 13, 17, 19, 23, 29

6 + 29 = 35

35 is > 2 * 3 * 5 (30); continue

primes exhausted; start over with 2 * 3 * 5; set next bound to ?

1 * 2 * 3 * 5 = 30

30 + 1 = 31

1, 2, 3, 5, 7, 11, 13, 17, 19, 23, 29, 31

skip 2, 3, and 5

30 + 7 = 37

1, 2, 3, 5, 7, 11, 13, 17, 19, 23, 29, 31, 37

30 + 11 = 41

1, 2, 3, 5, 7, 11, 13, 17, 19, 23, 29, 31, 37, 41

30 + 13 = 43

1, 2, 3, 5, 7, 11, 13, 17, 19, 23, 29, 31, 37, 41, 43

30 + 17 = 47

1, 2, 3, 5, 7, 11, 13, 17, 19, 23, 29, 31, 37, 41, 43, 47

30 + 19 = 49 # 7 * 7

30 + 23 = 53

1, 2, 3, 5, 7, 11, 13, 17, 19, 23, 29, 31, 37, 41, 43, 47, 53

30 + 29 = 59

1, 2, 3, 5, 7, 11, 13, 17, 19, 23, 29, 31, 37, 41, 43, 47, 53, 59

30 + 31 = 61

1, 2, 3, 5, 7, 11, 13, 17, 19, 23, 29, 31, 37, 41, 43, 47, 53, 59, 61

30 + 37 = 67

1, 2, 3, 5, 7, 11, 13, 17, 19, 23, 29, 31, 37, 41, 43, 47, 53, 59, 61, 67

30 + 41 = 71

1, 2, 3, 5, 7, 11, 13, 17, 19, 23, 29, 31, 37, 41, 43, 47, 53, 59, 61, 67, 71

30 + 43 = 73

1, 2, 3, 5, 7, 11, 13, 17, 19, 23, 29, 31, 37, 41, 43, 47, 53, 59, 61, 67, 71, 73

30 + 47 = 77

1, 2, 3, 5, 7, 11, 13, 17, 19, 23, 29, 31, 37, 41, 43, 47, 53, 59, 61, 67, 71, 73, 77

30 + 53 = 83

1, 2, 3, 5, 7, 11, 13, 17, 19, 23, 29, 31, 37, 41, 43, 47, 53, 59, 61, 67, 71, 73, 77, 83

30 + 59 = 89

1, 2, 3, 5, 7, 11, 13, 17, 19, 23, 29, 31, 37, 41, 43, 47, 53, 59, 61, 67, 71, 73, 77, 83, 89

30 + 61 = 91 # divisible by 7 and 13

1, 2, 3, 5, 7, 11, 13, 17, 19, 23, 29, 31, 37, 41, 43, 47, 53, 59, 61, 67, 71, 73, 77, 83, 89

30 + 67 = 97

1, 2, 3, 5, 7, 11, 13, 17, 19, 23, 29, 31, 37, 41, 43, 47, 53, 59, 61, 67, 71, 73, 77, 83, 89, 97

30 + 71 = 101

1, 2, 3, 5, 7, 11, 13, 17, 19, 23, 29, 31, 37, 41, 43, 47, 53, 59, 61, 67, 71, 73, 77, 83, 89, 97, 101

30 + 73 = 103

1, 2, 3, 5, 7, 11, 13, 17, 19, 23, 29, 31, 37, 41, 43, 47, 53, 59, 61, 67, 71, 73, 77, 83, 89, 97, 101, 103

30 + 77 = 107

1, 2, 3, 5, 7, 11, 13, 17, 19, 23, 29, 31, 37, 41, 43, 47, 53, 59, 61, 67, 71, 73, 77, 83, 89, 97, 101, 103, 107

30 + 83 = 113
30 + 89 = 119 # divisble by 7 and 17
30 + 97 = 127
30 + 101 = 131
30 + 103 = 133 # divisible by 7 and 19
30 + 107 = 137
30 + 113 = 143 # divisble by 11 and 13
30 + 127 = 157
30 + 131 = 161 # divisible by 7 and 23
30 + 137 = 167
30 + 157 = 187 # divisible by 11 and 17
30 + 167 = 197
30 + 197 = 227
30 + 227 = 257
30 + 257 = 287 # divisible by 7 and 41

def prime_generator():
    primes = [1, 2, 3, 5]
    progress = 3
    while True:
        current_number = 1
        current_primes = []
        for prime in primes[:progress]:
            current_primes.append(prime)
            current_number *= prime
       
        for prime in (prime for prime in primes if prime not in current_primes):
            next_prime = current_number + prime
            
            current_primes.append(current_number + prime)
            
            